20141221
20150114
20150207
20150327
20150502
20150526
20150607
20150619
20150701
20150713
20150725
20150806
20150818
20150830
20150911
20151017
20151029
20151122
20151216
20160109
20160214
20160309
20160321
20160402
20160414
20160426
20160508
20160520
20160601
20160613
20160707
20160719
20160731
20160812
20160824
20160905
20160917
20160929
20161011
20161023
20161104
20161116
20161128
20161210
20161216
20161222
20170103
20170109
20170115
20170121
20170127
20170202
20170208
20170226
20170310
20170403
20170415
20170427
20170509
20170521
20170602
20170614
20170626
20170708
20170720
20170801
20170813
20170825
20170906
20170918
20170930
20171012
20171024
20171105
20171117
20171129
20171211
20171223
20180104
20180116
20180128
20180209
20180221
20180305
20180317
20180410
20180422
20180504
20180516
20180528
20180609
20180621
20180703
20180715
20180925
20181118
20181230
20190111
20190117
20190123
20190210
20190222
20190306
20190312
20190318
20190324
20190330
20190405
20190411
20190417
20190423
20190429
20190511
20190517
20190523
20190529
20190610
20190616
20190622
20190628
20190704
20190710
20190716
20190722
20190728
20190803
20190809
20190815
20190827
20190902
20190908
20190926
20191002
20191008
20191014
20191020
20191026
20191101
20191107
20191113
20191119
20191125
20191201
20191207
20191213
20191225
20191231
20200106
20200118
20200130
20200205
20200211
20200217
20200223
20200229
20200306
20200312
20200318
20200324
20200411
20200417
20200423
20200429
20200505
20200511
20200517
20200523
20200529
20200604
20200610
20200616
20200622
20200628
20200704
20200710
20200716
20200722
20200728
20200803
20200809
20200815
20200821
20200827
20200902
20200908
20200914
20200920
20200926
20201002
20201008
20201014
20201020
20201026
20201101
20201107
20201113
20201119
20201125
20201201
20201207
20201213
20201219
20201225
20201231
20210106
20210112
20210124
20210130
20210205
20210211
20210217
20210223
20210301
20210307
20210313
20210319
20210325
20210331
20210406
20210412
20210418
20210424
20210430
20210506
20210512
20210518
20210524
20210530
20210605
20210611
20210617
20210623
20210629
20210705
20210711
20210717
20210723
20210729
20210804
20210810
20210822
20210828
20210903
20210909
20210915
20210921
20210927
20211003
20211009
20211015
20211021
20211027
20211102
20211108
20211114
20211120
20211126
20211202
20211208
20211214
20211220
20220101
20220113
20220125
20220206
20220218
20220314
20220326
20220407
20220419
20220501
20220513
20220525
20220606
20220618
20220630
20220712
20220724
20220805
20220817
20220829
20220910
20220922
20221004
20221016
20221028
20221109
20221121
20221203
20221215
20221227
20230108
20230120
20230201
20230213
20230225
20230309